intrinsic:
995.77758617 0 316.32481572
0 979.03837828 273.67215124
0 0 1
distortion:
5.69485400e+00 -8.36247262e+01  1.42050699e-01 -1.59927047e-01 3.24820062e+02