intrinsic:
365.23219589 0 362.32582049
0 392.64855488 299.09104193
0 0 1
distortion:
0.23399204 -0.19329996 0.0734316 -0.004002 0.02913161